Dataset   Configuration   Ground Truth   Wavelength   PSNR_mean   PSNR_std   SSIM_mean   SSIM_std   MSSSIM_mean   MSSSIM_std   IWSSIM_mean   IWSSIM_std   VIF_mean   VIF_std   FSIM_mean   FSIM_std   GMSD_mean   GMSD_std   MSGMSD_mean   MSGMSD_std   HAARPSI_mean   HAARPSI_std   UQI_mean   UQI_std   S3IM_mean   S3IM_std   TV_mean   TV_std   BRISQUE_mean   BRISQUE_std   CLIP-IQA_mean   CLIP-IQA_std
-------------------------------------------------------------------------------------------------------------------------------------------------------------------------------------------------------------------------------------------------------------------------------------------------------------------------------------------------------------------------------------------------------------
SCD                            vc,lv128_BP     vc_BP           ---        16.187     2.3042  0.8386     0.0603  0.893      0.0332  0.7605     0.0622  0.223      0.0345  0.7395     0.0328  0.1198     0.0139  0.1246     0.0146  0.5348     0.053   0.8058     0.1128  0.8327     0.0594  7.9607     0.8815  55.4619    6.6984  0.2366     0.0601  
SCD                            vc,ss128_BP     vc_BP           ---        27.439     2.8307  0.6504     0.0568  0.8806     0.0294  0.8535     0.0351  0.4352     0.0393  0.9133     0.0235  0.1885     0.0221  0.1623     0.0184  0.5855     0.031   0.9726     0.0409  0.6314     0.0569  13.8237    1.8348  25.1193    7.2401  0.7014     0.1127  
SCD                            vc,ss64_BP      vc_BP           ---        21.0505    3.2671  0.5104     0.0653  0.7532     0.0479  0.6875     0.0436  0.2525     0.0341  0.8399     0.0242  0.2404     0.0181  0.2221     0.0177  0.3611     0.0353  0.899      0.0993  0.4855     0.0645  16.2929    2.4032  29.4555    6.7363  0.7113     0.1314  
SCD                            vc,ss32_BP      vc_BP           ---        16.9423    3.4885  0.4537     0.0699  0.6678     0.0567  0.5568     0.0422  0.1679     0.0232  0.7653     0.0262  0.2476     0.0202  0.235      0.0193  0.3075     0.0412  0.8074     0.154   0.4297     0.0688  17.1325    2.7379  27.2968    5.4932  0.6493     0.1358  
SCD                            linear_BP       linear_BP       ---        80.0       0.0     1.0        0.0     1.0        0.0     1.0        0.0     1.0        0.0     1.0        0.0     0.0        0.0     0.0        0.0     1.0        0.0     1.0        0.0     1.0        0.0     9.4082     1.2317  38.5607    7.9758  0.2745     0.0794  
SCD                            ms,ss128_BP     ms_BP           ---        39.8278    1.9007  0.9426     0.0114  0.9902     0.0033  0.9905     0.0049  0.6982     0.0335  0.933      0.0098  0.0119     0.0082  0.0173     0.0066  0.9731     0.0059  0.9994     0.0006  0.9402     0.0115  10.8631    1.0039  18.4538    6.719   0.3989     0.1162  
SCD                            ms,ss64_BP      ms_BP           ---        31.4802    1.5013  0.7515     0.0378  0.9328     0.0142  0.9268     0.0165  0.4393     0.0334  0.8141     0.0245  0.0865     0.0192  0.0931     0.0151  0.756      0.0355  0.9966     0.0031  0.7432     0.0364  13.5672    1.3227  25.056     7.2499  0.5492     0.1251  
SCD                            ms,ss32_BP      ms_BP           ---        25.1679    2.4019  0.5881     0.0557  0.825      0.0346  0.7817     0.0353  0.2697     0.0241  0.7643     0.035   0.2422     0.0186  0.2129     0.0151  0.4931     0.0323  0.9797     0.0276  0.5749     0.0548  17.3832    1.2394  19.1518    7.1618  0.6495     0.1136  
