Dataset   Configuration   Ground Truth   Wavelength   PSNR_mean   PSNR_std   SSIM_mean   SSIM_std   MSSSIM_mean   MSSSIM_std   IWSSIM_mean   IWSSIM_std   VIF_mean   VIF_std   FSIM_mean   FSIM_std   GMSD_mean   GMSD_std   MSGMSD_mean   MSGMSD_std   HAARPSI_mean   HAARPSI_std   UQI_mean   UQI_std   S3IM_mean   S3IM_std   TV_mean   TV_std   BRISQUE_mean   BRISQUE_std   CLIP-IQA_mean   CLIP-IQA_std
-------------------------------------------------------------------------------------------------------------------------------------------------------------------------------------------------------------------------------------------------------------------------------------------------------------------------------------------------------------------------------------------------------------
SCD                            vc,lv128_BP     vc_BP           ---        26.3854    1.5722  0.9117     0.0218  0.8943     0.0361  0.7734     0.0543  0.2425     0.0447  nan        nan     0.1275     0.0152  0.1303     0.0165  0.4558     0.0563  nan        nan     nan        nan     10.8399    1.1552  44.7244    7.9479  0.3092     0.0874  
SCD                            vc,ss128_BP     vc_BP           ---        28.899     1.5985  0.5882     0.0867  0.8506     0.0432  0.8267     0.0439  0.4145     0.0453  nan        nan     0.214      0.026   0.1846     0.0225  0.5425     0.0434  nan        nan     nan        nan     16.5542    2.9937  27.3101    7.1501  0.7098     0.0964  
SCD                            vc,ss64_BP      vc_BP           ---        24.5085    1.3167  0.4402     0.0906  0.6955     0.066   0.6426     0.0542  0.2414     0.0364  nan        nan     0.2665     0.0182  0.2495     0.0187  0.2879     0.0375  nan        nan     nan        nan     20.5717    3.645   31.1145    6.237   0.7522     0.111   
SCD                            vc,ss32_BP      vc_BP           ---        22.162     1.1157  0.3752     0.0868  0.5864     0.0717  0.5065     0.0522  0.1621     0.0265  nan        nan     0.2769     0.0171  0.2663     0.0176  0.2216     0.0401  nan        nan     nan        nan     23.247     3.9722  30.5779    5.2608  0.7328     0.1118  
SCD                            linear_BP       linear_BP       ---        80.0       0.0     1.0        0.0     1.0        0.0     1.0        0.0     1.0        0.0     nan        nan     0.0        0.0     0.0        0.0     1.0        0.0     nan        nan     nan        nan     13.0373    1.2778  27.3938    9.3793  0.3843     0.1102  
SCD                            ms,ss128_BP     ms_BP           ---        38.6606    1.7055  0.9035     0.0295  0.9825     0.0071  0.9841     0.0081  0.6206     0.054   nan        nan     0.0203     0.013   0.0276     0.0109  0.9557     0.0142  nan        nan     nan        nan     14.1209    1.6513  27.6956    8.8604  0.5123     0.1365  
SCD                            ms,ss64_BP      ms_BP           ---        29.5543    1.4297  0.6601     0.0717  0.8985     0.0287  0.8963     0.0252  0.379      0.0459  nan        nan     0.1208     0.0241  0.1211     0.019   0.6933     0.0395  nan        nan     nan        nan     18.0484    2.3762  26.7309    7.145   0.6541     0.1226  
SCD                            ms,ss32_BP      ms_BP           ---        24.1611    0.9285  0.4863     0.0843  0.7635     0.0558  0.7272     0.048   0.2301     0.0323  nan        nan     0.2718     0.0186  0.2413     0.0159  0.3881     0.0266  nan        nan     nan        nan     23.5262    2.7586  25.1106    9.2466  0.7338     0.1067  
