Dataset   Configuration   Ground Truth   Wavelength   PSNR_mean   PSNR_std   SSIM_mean   SSIM_std   MSSSIM_mean   MSSSIM_std   IWSSIM_mean   IWSSIM_std   VIF_mean   VIF_std   FSIM_mean   FSIM_std   GMSD_mean   GMSD_std   MSGMSD_mean   MSGMSD_std   HAARPSI_mean   HAARPSI_std   UQI_mean   UQI_std   S3IM_mean   S3IM_std   TV_mean   TV_std   BRISQUE_mean   BRISQUE_std   CLIP-IQA_mean   CLIP-IQA_std
-------------------------------------------------------------------------------------------------------------------------------------------------------------------------------------------------------------------------------------------------------------------------------------------------------------------------------------------------------------------------------------------------------------
mice                           sparse4_recon_all full_recon_all  ---        16.7812    3.0638  0.2899     0.0833  0.4275     0.0854  0.2424     0.0518  0.0324     0.0105  0.7045     0.0269  0.2677     0.0131  0.2583     0.0141  0.2284     0.046   0.8665     0.1049  0.2793     0.08    36.039     5.4163  39.4802    4.96    0.3504     0.0649  
mice                           sparse8_recon_all full_recon_all  ---        16.8815    2.7972  0.266      0.066   0.4215     0.0686  0.2697     0.0436  0.0387     0.0124  0.6942     0.0259  0.2616     0.0099  0.2505     0.0112  0.2333     0.0368  0.8723     0.094   0.2492     0.0634  37.9739    5.264   44.9987    5.2485  0.4149     0.0669  
mice                           sparse16_recon_all full_recon_all  ---        18.0536    3.0403  0.2853     0.066   0.4562     0.0657  0.3287     0.0453  0.0521     0.0162  0.6902     0.0245  0.2575     0.011   0.2453     0.0124  0.2401     0.0316  0.8963     0.0793  0.2653     0.0641  36.812     5.6708  41.7022    3.6517  0.4244     0.0614  
mice                           sparse32_recon_all full_recon_all  ---        21.171     2.9566  0.3607     0.0769  0.5438     0.0703  0.4366     0.0557  0.077      0.0221  0.6974     0.0217  0.2458     0.0167  0.2312     0.0181  0.2763     0.0396  0.9458     0.045   0.3335     0.076   32.2934    6.2134  38.8017    2.5672  0.3662     0.0615  
mice                           sparse64_recon_all full_recon_all  ---        24.7841    2.7548  0.4894     0.0848  0.6716     0.0664  0.5927     0.0601  0.1273     0.032   0.7199     0.018   0.219      0.0247  0.2014     0.0248  0.3593     0.0558  0.9772     0.0179  0.4525     0.0854  26.1634    5.8921  38.1884    2.5904  0.3477     0.0657  
mice                           sparse128_recon_all full_recon_all  ---        28.8497    2.6726  0.6695     0.0765  0.8152     0.0487  0.775      0.0487  0.2295     0.0463  0.7698     0.0147  0.1676     0.031   0.1496     0.0285  0.5187     0.0728  0.9912     0.0068  0.6246     0.0812  19.6912    4.95    37.71      2.8762  0.3662     0.0661  
mice                           sparse256_recon_all full_recon_all  ---        34.2787    2.6688  0.8713     0.0399  0.9386     0.0202  0.9283     0.0214  0.4508     0.0648  0.8765     0.0127  0.0865     0.0242  0.0766     0.0215  0.7739     0.0587  0.9974     0.0023  0.834      0.0483  14.2747    3.5452  33.3534    3.708   0.3965     0.0652  
mice                           full_recon_all  full_recon_all  ---        80.0       0.0     1.0        0.0     1.0        0.0     1.0        0.0     1.0        0.0     1.0        0.0     0.0        0.0     0.0        0.0     1.0        0.0     1.0        0.0     1.0        0.0     10.7022    2.6206  27.2014    5.3036  0.4538     0.0637  
