Dataset   Configuration   Ground Truth   Wavelength   PSNR_mean   PSNR_std   SSIM_mean   SSIM_std   MSSSIM_mean   MSSSIM_std   IWSSIM_mean   IWSSIM_std   VIF_mean   VIF_std   FSIM_mean   FSIM_std   GMSD_mean   GMSD_std   MSGMSD_mean   MSGMSD_std   HAARPSI_mean   HAARPSI_std   UQI_mean   UQI_std   S3IM_mean   S3IM_std   TV_mean   TV_std   BRISQUE_mean   BRISQUE_std   CLIP-IQA_mean   CLIP-IQA_std
-------------------------------------------------------------------------------------------------------------------------------------------------------------------------------------------------------------------------------------------------------------------------------------------------------------------------------------------------------------------------------------------------------------
SWFD                           linear_BP       ms_BP           ---        30.9395    2.2266  0.8353     0.0562  0.8934     0.0377  0.7986     0.0504  0.2805     0.0381  nan        nan     0.0755     0.0187  0.0832     0.0205  0.6106     0.0761  nan        nan     nan        nan     10.7454    2.9854  50.1473    8.8999  0.2437     0.11    
SWFD                           ms,ss128_BP     ms_BP           ---        35.165     2.0783  0.8411     0.0394  0.9555     0.0149  0.9537     0.0156  0.3977     0.053   nan        nan     0.038      0.0133  0.0423     0.0123  0.8515     0.0451  nan        nan     nan        nan     10.9694    2.4518  17.6223    8.1786  0.4264     0.175   
SWFD                           ms,ss64_BP      ms_BP           ---        29.5889    1.8988  0.6251     0.0606  0.8562     0.0359  0.8297     0.0423  0.213      0.0332  nan        nan     0.1186     0.0227  0.1148     0.0217  0.6241     0.0626  nan        nan     nan        nan     15.2722    3.4204  10.7821    6.7655  0.6213     0.168   
SWFD                           ms,ss32_BP      ms_BP           ---        25.2544    1.6751  0.4131     0.0587  0.6866     0.0522  0.6142     0.0533  0.1159     0.02    nan        nan     0.2004     0.0196  0.195      0.0216  0.383      0.0455  nan        nan     nan        nan     21.5018    4.5057  4.2679     5.8027  0.7404     0.1416  
SWFD                           sc,lv128_BP     sc_BP           ---        39.085     2.3242  0.9494     0.0255  0.9696     0.0139  0.9191     0.0305  0.4165     0.0557  nan        nan     0.0276     0.0082  0.0292     0.0091  0.8509     0.054   nan        nan     nan        nan     6.6062     1.9506  39.0971    8.3406  0.4993     0.1075  
SWFD                           sc,ss128_BP     sc_BP           ---        37.781     2.615   0.8825     0.0495  0.9735     0.0151  0.9774     0.0134  0.4874     0.0846  nan        nan     0.0186     0.0104  0.0305     0.0117  0.9189     0.041   nan        nan     nan        nan     8.3702     2.7506  38.2729    8.3293  0.4532     0.1129  
SWFD                           sc,ss64_BP      sc_BP           ---        32.1369    2.3913  0.71       0.0784  0.9119     0.0349  0.9115     0.0349  0.2613     0.0506  nan        nan     0.0807     0.0256  0.0842     0.0218  0.7457     0.0717  nan        nan     nan        nan     11.856     3.7626  28.7654    8.8143  0.5322     0.129   
SWFD                           sc,ss32_BP      sc_BP           ---        27.965     2.0964  0.5302     0.0829  0.8023     0.0486  0.7604     0.0492  0.152      0.0316  nan        nan     0.1643     0.0233  0.1553     0.0219  0.4828     0.0598  nan        nan     nan        nan     16.572     4.6211  26.4397    8.6693  0.6917     0.1111  
