Dataset   Configuration   Ground Truth   Wavelength   PSNR_mean   PSNR_std   SSIM_mean   SSIM_std   MSSSIM_mean   MSSSIM_std   IWSSIM_mean   IWSSIM_std   VIF_mean   VIF_std   FSIM_mean   FSIM_std   GMSD_mean   GMSD_std   MSGMSD_mean   MSGMSD_std   HAARPSI_mean   HAARPSI_std   UQI_mean   UQI_std   S3IM_mean   S3IM_std   TV_mean   TV_std   BRISQUE_mean   BRISQUE_std   CLIP-IQA_mean   CLIP-IQA_std
-------------------------------------------------------------------------------------------------------------------------------------------------------------------------------------------------------------------------------------------------------------------------------------------------------------------------------------------------------------------------------------------------------------
SWFD                           linear_BP       ms_BP           ---        20.4902    4.8364  0.8793     0.039   0.9343     0.0223  0.8422     0.0404  0.3077     0.0367  0.8713     0.0241  0.0525     0.0136  0.0572     0.0149  0.7806     0.0573  0.9368     0.0542  0.8733     0.0398  6.7337     1.7822  41.3157    3.7435  0.2212     0.0822  
SWFD                           ms,ss128_BP     ms_BP           ---        36.4432    2.7171  0.8953     0.029   0.9735     0.009   0.9716     0.0096  0.4679     0.0605  0.9614     0.006   0.0225     0.0079  0.0268     0.0076  0.9135     0.0289  0.9986     0.0021  0.8924     0.0293  7.7759     1.398   19.9181    7.3109  0.358      0.1426  
SWFD                           ms,ss64_BP      ms_BP           ---        31.1767    2.1116  0.7278     0.0508  0.9086     0.0226  0.8847     0.0293  0.2571     0.0407  0.8928     0.0139  0.0832     0.0169  0.0817     0.0153  0.746      0.0492  0.9961     0.0042  0.7184     0.0507  10.6619    1.9186  13.9145    8.0876  0.5377     0.1525  
SWFD                           ms,ss32_BP      ms_BP           ---        27.1917    1.8926  0.5269     0.0622  0.7777     0.041   0.6972     0.049   0.145      0.0255  0.8387     0.0199  0.1629     0.0188  0.1572     0.0191  0.5087     0.0496  0.9912     0.0067  0.5104     0.06    15.1545    2.8056  3.9931     6.4832  0.7064     0.1287  
SWFD                           sc,lv128_BP     sc_BP           ---        27.1377    8.1313  0.9494     0.0345  0.9781     0.0117  0.9339     0.0306  0.4348     0.0621  0.8975     0.0331  0.0201     0.0072  0.0217     0.0084  0.9197     0.0442  0.957      0.0582  0.9474     0.0349  4.6762     1.2599  32.7927    7.368   0.3901     0.0804  
SWFD                           sc,ss128_BP     sc_BP           ---        39.2276    2.7661  0.9224     0.0345  0.9838     0.0092  0.9859     0.0081  0.5677     0.0914  0.9664     0.006   0.0111     0.006   0.0212     0.008   0.9532     0.0246  0.9992     0.0011  0.9192     0.0351  6.2676     1.7621  35.0708    6.769   0.4654     0.1067  
SWFD                           sc,ss64_BP      sc_BP           ---        33.4758    2.2324  0.7901     0.0619  0.9427     0.0224  0.9416     0.0221  0.3163     0.0617  0.8966     0.0153  0.0557     0.018   0.0623     0.0159  0.8457     0.0509  0.9975     0.0019  0.7837     0.0629  8.8001     2.383   28.9736    8.1951  0.5053     0.121   
SWFD                           sc,ss32_BP      sc_BP           ---        29.1157    2.2042  0.6304     0.0754  0.8614     0.0341  0.8242     0.0351  0.1888     0.0405  0.8421     0.0244  0.1299     0.0192  0.1242     0.0173  0.6309     0.0557  0.993      0.0048  0.6164     0.0749  12.373     2.9719  26.2802    8.8859  0.6437     0.1089  
