FAKE RESULTS USED
Dataset   Configuration   Ground Truth   Wavelength   FSIM_mean   FSIM_std   UQI_mean   UQI_std   PSNR_mean   PSNR_std   SSIM_mean   SSIM_std   VIF_mean   VIF_std   S3IM_mean   S3IM_std   BRISQUE_mean   BRISQUE_std
----------------------------------------------------------------------------------------------------------------------------------------------------------------------------------------------------------------------
SCD       vc,lv128_BP          vc_BP           ---        0.795      0.093   0.533      0.085   0.777      0.033   0.356      0.076   0.128      0.059   0.617      0.085   0.340      0.094   
SCD       vc,ss128_BP          vc_BP           ---        0.498      0.012   0.676      0.039   0.781      0.055   0.890      0.020   0.146      0.048   0.755      0.062   0.892      0.011   
SCD       vc,ss64_BP           vc_BP           ---        0.971      0.090   0.703      0.098   0.977      0.080   0.213      0.051   0.273      0.022   0.556      0.082   0.834      0.071   
SCD       vc,ss32_BP           vc_BP           ---        0.847      0.059   0.396      0.091   0.967      0.032   0.646      0.028   0.635      0.021   0.263      0.028   0.408      0.013   
SCD       linear_BP            linear_BP       ---        0.726      0.084   0.670      0.060   0.832      0.075   0.447      0.033   0.181      0.085   0.789      0.033   0.981      0.041   
SCD       ms,ss128_BP          ms_BP           ---        0.906      0.028   0.574      0.010   0.703      0.032   0.352      0.094   0.470      0.084   0.521      0.036   0.422      0.042   
SCD       ms,ss64_BP           ms_BP           ---        0.414      0.085   0.580      0.095   0.280      0.082   0.963      0.100   0.311      0.076   0.737      0.095   0.692      0.082   
SCD       ms,ss32_BP           ms_BP           ---        0.545      0.093   0.322      0.073   0.188      0.083   0.137      0.044   0.805      0.046   0.970      0.067   0.811      0.073   
SWFD      linear_BP            ms_BP           ---        0.460      0.035   0.680      0.069   0.182      0.070   0.619      0.052   0.880      0.059   0.267      0.071   0.758      0.023   
SWFD      ms,ss128_BP          ms_BP           ---        0.684      0.081   0.500      0.053   0.809      0.056   0.481      0.065   0.831      0.086   0.607      0.089   0.690      0.077   
SWFD      ms,ss64_BP           ms_BP           ---        0.237      0.013   0.194      0.029   0.392      0.032   0.280      0.079   0.248      0.013   0.276      0.025   0.435      0.055   
SWFD      ms,ss32_BP           ms_BP           ---        0.781      0.036   0.734      0.080   0.476      0.025   0.554      0.095   0.912      0.012   0.748      0.044   0.656      0.085   
SWFD      sc,lv128_BP          sc_BP           ---        0.888      0.025   0.602      0.042   0.860      0.057   0.162      0.055   0.977      0.011   0.957      0.050   0.871      0.081   
SWFD      sc,ss128_BP          sc_BP           ---        0.691      0.045   0.850      0.043   0.229      0.067   0.573      0.048   0.297      0.014   0.793      0.017   0.120      0.049   
SWFD      sc,ss64_BP           sc_BP           ---        0.906      0.049   0.602      0.022   0.115      0.033   0.434      0.041   0.207      0.091   0.503      0.077   0.123      0.082   
SWFD      sc,ss32_BP           sc_BP           ---        0.972      0.094   0.289      0.022   0.332      0.060   0.361      0.037   0.106      0.047   0.581      0.041   0.666      0.084   
MSFD      ms,ss32_BP_w700      ms_BP_w700      700        0.500      0.100   0.845      0.078   0.619      0.022   0.766      0.091   0.922      0.092   0.528      0.070   0.661      0.057   
MSFD      ms,ss32_BP_w730      ms_BP_w730      730        0.168      0.086   0.791      0.074   0.752      0.088   0.477      0.016   0.817      0.047   0.668      0.053   0.207      0.033   
MSFD      ms,ss32_BP_w760      ms_BP_w760      760        0.799      0.064   0.491      0.093   0.559      0.015   0.704      0.050   0.530      0.097   0.916      0.018   0.408      0.021   
MSFD      ms,ss32_BP_w780      ms_BP_w780      780        0.258      0.067   0.544      0.089   0.706      0.074   0.899      0.050   0.519      0.032   0.800      0.020   0.377      0.018   
MSFD      ms,ss32_BP_w800      ms_BP_w800      800        0.974      0.100   0.106      0.088   0.373      0.037   0.217      0.062   0.400      0.012   0.329      0.070   0.694      0.058   
MSFD      ms,ss32_BP_w850      ms_BP_w850      850        0.526      0.077   0.455      0.085   0.140      0.072   0.266      0.026   0.589      0.016   0.894      0.057   0.101      0.024   
MSFD      ms,ss64_BP_w700      ms_BP_w700      700        0.820      0.012   0.534      0.077   0.217      0.056   0.725      0.039   0.483      0.071   0.552      0.064   0.519      0.070   
MSFD      ms,ss64_BP_w730      ms_BP_w730      730        0.645      0.044   0.490      0.013   0.395      0.010   0.421      0.013   0.401      0.062   0.800      0.029   0.710      0.071   
MSFD      ms,ss64_BP_w760      ms_BP_w760      760        0.647      0.022   0.477      0.027   0.943      0.083   0.740      0.089   0.937      0.089   0.738      0.089   0.730      0.061   
MSFD      ms,ss64_BP_w780      ms_BP_w780      780        0.779      0.073   0.698      0.032   0.265      0.024   0.769      0.033   0.151      0.047   0.573      0.087   0.845      0.029   
MSFD      ms,ss64_BP_w800      ms_BP_w800      800        0.782      0.067   0.687      0.066   0.114      0.059   0.757      0.077   0.303      0.056   0.418      0.095   0.430      0.088   
MSFD      ms,ss64_BP_w850      ms_BP_w850      850        0.455      0.068   0.854      0.052   0.158      0.081   0.875      0.045   0.420      0.082   0.406      0.070   0.261      0.093   
MSFD      ms,ss128_BP_w700     ms_BP_w700      700        0.988      0.097   0.112      0.030   0.561      0.035   0.613      0.068   0.634      0.076   0.559      0.014   0.957      0.034   
MSFD      ms,ss128_BP_w730     ms_BP_w730      730        0.419      0.045   0.329      0.097   0.740      0.014   0.257      0.042   0.194      0.060   0.555      0.063   0.706      0.077   
MSFD      ms,ss128_BP_w760     ms_BP_w760      760        0.446      0.069   0.419      0.077   0.152      0.038   0.328      0.028   0.634      0.021   0.680      0.089   0.879      0.050   
MSFD      ms,ss128_BP_w780     ms_BP_w780      780        0.994      0.021   0.838      0.024   0.917      0.040   0.776      0.066   0.458      0.081   0.844      0.072   0.793      0.069   
MSFD      ms,ss128_BP_w800     ms_BP_w800      800        0.890      0.076   0.996      0.014   0.301      0.058   0.442      0.042   0.719      0.013   0.757      0.011   0.945      0.070   
MSFD      ms,ss128_BP_w850     ms_BP_w850      850        0.531      0.081   0.329      0.084   0.916      0.017   0.825      0.085   0.265      0.047   0.713      0.054   0.430      0.026   
mice      sparse4_recon_all    full_recon_all  ---        0.251      0.032   0.975      0.025   0.265      0.073   0.362      0.022   0.734      0.050   0.701      0.077   0.576      0.090   
mice      sparse8_recon_all    full_recon_all  ---        0.537      0.027   0.877      0.021   0.624      0.033   0.433      0.011   0.868      0.078   0.243      0.080   0.125      0.054   
mice      sparse16_recon_all   full_recon_all  ---        0.208      0.061   0.683      0.036   0.121      0.040   0.235      0.042   0.913      0.088   0.423      0.040   0.739      0.079   
mice      sparse32_recon_all   full_recon_all  ---        0.223      0.068   0.964      0.082   0.759      0.095   0.885      0.041   0.645      0.034   0.733      0.028   0.166      0.087   
mice      sparse64_recon_all   full_recon_all  ---        0.851      0.090   0.400      0.059   0.916      0.093   0.283      0.056   0.391      0.017   0.668      0.078   0.326      0.041   
mice      sparse128_recon_all  full_recon_all  ---        0.105      0.078   0.309      0.056   0.141      0.075   0.524      0.065   0.609      0.057   0.382      0.022   0.803      0.073   
mice      sparse256_recon_all  full_recon_all  ---        0.844      0.090   0.289      0.041   0.967      0.019   0.228      0.043   0.166      0.072   0.137      0.024   0.312      0.086   
mice      full_recon_all       full_recon_all  ---        0.546      0.027   0.157      0.061   0.290      0.080   0.650      0.087   0.604      0.077   0.924      0.061   0.528      0.027   
phantom   BP_phantom_8         BP_phantom_GT   ---        0.174      0.024   0.633      0.079   0.599      0.033   0.273      0.029   0.588      0.070   0.281      0.017   0.496      0.046   
phantom   BP_phantom_16        BP_phantom_GT   ---        0.411      0.093   0.893      0.064   0.514      0.056   0.192      0.060   0.662      0.040   0.619      0.069   0.720      0.027   
phantom   BP_phantom_32        BP_phantom_GT   ---        0.134      0.076   0.688      0.022   0.995      0.030   0.731      0.059   0.239      0.086   0.540      0.085   0.923      0.013   
phantom   BP_phantom_64        BP_phantom_GT   ---        0.565      0.078   0.374      0.048   0.966      0.065   0.783      0.095   0.306      0.043   0.713      0.033   0.713      0.056   
phantom   BP_phantom_128       BP_phantom_GT   ---        0.261      0.011   0.779      0.047   0.416      0.017   0.631      0.096   0.832      0.043   0.949      0.093   0.800      0.025   
phantom   BP_phantom_GT        BP_phantom_GT   ---        0.851      0.040   0.764      0.086   0.386      0.075   0.154      0.098   0.158      0.093   0.625      0.085   0.585      0.051   
v_phantom v_phantom_8          v_phantom_gt    ---        0.796      0.042   0.197      0.053   0.889      0.071   0.922      0.028   0.908      0.052   0.684      0.055   0.174      0.049   
v_phantom v_phantom_16         v_phantom_gt    ---        0.443      0.033   0.720      0.012   0.517      0.061   0.534      0.079   0.538      0.033   1.000      0.071   0.988      0.048   
v_phantom v_phantom_32         v_phantom_gt    ---        0.713      0.051   0.479      0.022   0.816      0.041   0.206      0.078   0.994      0.084   0.827      0.096   0.635      0.036   
v_phantom v_phantom_64         v_phantom_gt    ---        0.955      0.100   0.638      0.096   0.837      0.090   0.590      0.026   0.196      0.065   0.925      0.078   0.271      0.051   
v_phantom v_phantom_128        v_phantom_gt    ---        0.908      0.074   0.181      0.081   0.429      0.079   0.418      0.034   0.745      0.055   0.873      0.059   0.645      0.089   
v_phantom v_phantom_gt         v_phantom_gt    ---        0.410      0.072   0.565      0.031   0.615      0.094   0.572      0.047   0.285      0.045   0.386      0.040   0.160      0.083   
