FAKE RESULTS USED
Dataset   Configuration   Ground Truth   Wavelength   FSIM_mean   FSIM_std   UQI_mean   UQI_std   PSNR_mean   PSNR_std   SSIM_mean   SSIM_std   VIF_mean   VIF_std   S3IM_mean   S3IM_std   BRISQUE_mean   BRISQUE_std
----------------------------------------------------------------------------------------------------------------------------------------------------------------------------------------------------------------------
SCD                            vc,lv128_BP vc_BP           ---        0.898      0.042   0.554      0.029   0.988      0.062   0.903      0.078   0.642      0.092   0.689      0.038   0.120      0.030   
SCD                            vc,ss128_BP vc_BP           ---        0.469      0.018   0.934      0.011   0.797      0.073   0.417      0.062   0.174      0.039   0.814      0.088   0.767      0.036   
SCD                            vc,ss64_BP vc_BP           ---        0.340      0.098   0.737      0.082   0.146      0.017   0.301      0.036   0.413      0.085   0.851      0.097   0.783      0.027   
SCD                            vc,ss32_BP vc_BP           ---        0.413      0.060   0.239      0.016   0.688      0.098   0.852      0.089   0.559      0.066   0.742      0.098   0.203      0.018   
SCD                            linear_BP  linear_BP       ---        0.229      0.024   0.357      0.079   0.909      0.026   0.901      0.061   0.719      0.057   0.217      0.034   0.143      0.013   
SCD                            ms,ss128_BP ms_BP           ---        0.814      0.077   0.896      0.066   0.547      0.041   0.891      0.021   0.207      0.083   0.710      0.078   0.664      0.073   
SCD                            ms,ss64_BP ms_BP           ---        0.634      0.015   0.258      0.090   0.545      0.086   0.968      0.013   0.874      0.040   0.693      0.064   0.335      0.084   
SCD                            ms,ss32_BP ms_BP           ---        0.495      0.089   0.822      0.056   0.641      0.026   0.178      0.039   0.688      0.076   0.270      0.051   0.517      0.089   
SWFD                           linear_BP  ms_BP           ---        0.935      0.062   0.873      0.015   0.994      0.072   0.545      0.063   0.807      0.018   0.220      0.017   0.392      0.015   
SWFD                           ms,ss128_BP ms_BP           ---        0.181      0.045   0.831      0.058   0.986      0.085   0.911      0.035   0.915      0.011   0.794      0.084   0.514      0.041   
SWFD                           ms,ss64_BP ms_BP           ---        0.502      0.048   0.758      0.033   0.922      0.015   0.486      0.046   0.468      0.086   0.138      0.019   0.489      0.027   
SWFD                           ms,ss32_BP ms_BP           ---        0.111      0.077   0.709      0.037   0.841      0.013   0.426      0.074   0.259      0.051   0.631      0.085   0.264      0.014   
SWFD                           sc,lv128_BP sc_BP           ---        0.690      0.086   0.916      0.012   0.184      0.088   0.504      0.099   0.463      0.018   0.568      0.062   0.142      0.073   
SWFD                           sc,ss128_BP sc_BP           ---        0.732      0.065   0.207      0.011   0.880      0.036   0.859      0.033   0.162      0.055   0.286      0.066   0.562      0.088   
SWFD                           sc,ss64_BP sc_BP           ---        0.444      0.094   0.912      0.046   0.439      0.089   0.682      0.016   0.139      0.073   0.450      0.011   0.303      0.064   
SWFD                           sc,ss32_BP sc_BP           ---        0.394      0.050   0.541      0.086   0.475      0.023   0.252      0.080   0.255      0.039   0.698      0.069   0.781      0.079   
MSFD                           ms,ss32_BP_w700 ms_BP_w700      700        0.995      0.049   0.522      0.053   0.419      0.034   0.916      0.018   0.155      0.077   0.601      0.067   0.105      0.027   
MSFD                           ms,ss32_BP_w730 ms_BP_w730      730        0.243      0.047   0.260      0.076   0.247      0.100   0.384      0.031   0.202      0.085   0.204      0.060   0.427      0.024   
MSFD                           ms,ss32_BP_w760 ms_BP_w760      760        0.712      0.025   0.726      0.055   0.244      0.034   0.603      0.023   0.733      0.059   0.592      0.051   0.759      0.041   
MSFD                           ms,ss32_BP_w780 ms_BP_w780      780        0.813      0.091   0.336      0.019   0.783      0.076   0.985      0.056   0.740      0.070   0.176      0.037   0.980      0.036   
MSFD                           ms,ss32_BP_w800 ms_BP_w800      800        0.132      0.027   0.723      0.056   0.433      0.057   0.344      0.023   0.796      0.097   0.365      0.085   0.785      0.019   
MSFD                           ms,ss32_BP_w850 ms_BP_w850      850        0.680      0.075   0.837      0.037   0.517      0.089   0.377      0.048   0.559      0.013   0.351      0.078   0.206      0.026   
MSFD                           ms,ss64_BP_w700 ms_BP_w700      700        0.192      0.057   0.228      0.073   0.152      0.064   0.855      0.040   0.306      0.040   0.742      0.023   0.716      0.039   
MSFD                           ms,ss64_BP_w730 ms_BP_w730      730        0.577      0.056   0.306      0.064   0.469      0.090   0.177      0.077   0.506      0.036   0.813      0.040   0.888      0.055   
MSFD                           ms,ss64_BP_w760 ms_BP_w760      760        0.306      0.037   0.396      0.034   0.665      0.012   0.122      0.019   0.693      0.065   0.803      0.032   0.382      0.076   
MSFD                           ms,ss64_BP_w780 ms_BP_w780      780        0.165      0.039   0.469      0.039   0.112      0.035   0.503      0.025   0.917      0.022   0.188      0.040   0.446      0.019   
MSFD                           ms,ss64_BP_w800 ms_BP_w800      800        0.949      0.060   0.616      0.072   0.384      0.055   0.790      0.044   0.178      0.018   0.191      0.056   0.823      0.062   
MSFD                           ms,ss64_BP_w850 ms_BP_w850      850        0.693      0.065   0.797      0.014   0.135      0.094   0.901      0.016   0.391      0.077   0.626      0.066   0.519      0.037   
MSFD                           ms,ss128_BP_w700 ms_BP_w700      700        0.987      0.022   0.470      0.097   0.196      0.054   0.365      0.039   0.541      0.024   0.574      0.063   0.495      0.047   
MSFD                           ms,ss128_BP_w730 ms_BP_w730      730        0.776      0.052   0.935      0.055   0.703      0.024   0.600      0.067   0.424      0.066   0.574      0.037   0.565      0.065   
MSFD                           ms,ss128_BP_w760 ms_BP_w760      760        0.324      0.085   0.133      0.016   0.397      0.081   0.206      0.039   0.109      0.053   0.483      0.071   0.489      0.054   
MSFD                           ms,ss128_BP_w780 ms_BP_w780      780        0.465      0.096   0.536      0.071   0.170      0.049   0.261      0.028   0.574      0.041   0.829      0.095   0.329      0.023   
MSFD                           ms,ss128_BP_w800 ms_BP_w800      800        0.972      0.079   0.435      0.046   0.613      0.045   0.508      0.015   0.992      0.032   0.359      0.011   0.183      0.034   
MSFD                           ms,ss128_BP_w850 ms_BP_w850      850        0.327      0.020   0.531      0.080   0.643      0.094   0.616      0.010   0.689      0.026   0.344      0.050   0.393      0.039   
mice                           sparse4_recon_all full_recon_all  ---        0.104      0.060   0.152      0.071   0.256      0.018   0.381      0.070   0.412      0.044   0.418      0.076   0.328      0.028   
mice                           sparse8_recon_all full_recon_all  ---        0.187      0.092   0.460      0.060   0.603      0.058   0.504      0.023   0.993      0.081   0.383      0.100   0.811      0.017   
mice                           sparse16_recon_all full_recon_all  ---        0.588      0.058   0.191      0.014   0.873      0.047   0.184      0.032   0.565      0.031   0.319      0.038   0.349      0.086   
mice                           sparse32_recon_all full_recon_all  ---        0.176      0.061   0.797      0.071   0.462      0.017   0.931      0.085   0.325      0.053   0.114      0.024   0.990      0.014   
mice                           sparse64_recon_all full_recon_all  ---        0.215      0.086   0.410      0.096   0.885      0.026   0.718      0.010   0.349      0.099   0.830      0.073   0.564      0.045   
mice                           sparse128_recon_all full_recon_all  ---        0.532      0.083   0.516      0.055   0.937      0.098   0.653      0.034   0.568      0.093   0.318      0.033   0.988      0.040   
mice                           sparse256_recon_all full_recon_all  ---        0.378      0.099   0.213      0.033   0.563      0.078   0.310      0.031   0.374      0.037   0.320      0.029   0.826      0.040   
mice                           full_recon_all full_recon_all  ---        0.639      0.063   0.193      0.073   0.341      0.059   0.768      0.050   0.770      0.064   0.758      0.080   0.722      0.098   
phantom                        BP_phantom_8 BP_phantom_GT   ---        0.751      0.081   0.559      0.078   0.741      0.052   0.815      0.064   0.835      0.019   0.546      0.088   0.997      0.073   
phantom                        BP_phantom_16 BP_phantom_GT   ---        0.611      0.039   0.616      0.033   0.627      0.029   0.447      0.023   0.538      0.017   0.832      0.022   0.541      0.077   
phantom                        BP_phantom_32 BP_phantom_GT   ---        0.264      0.090   0.566      0.054   0.143      0.061   0.879      0.029   0.476      0.072   0.913      0.040   0.189      0.043   
phantom                        BP_phantom_64 BP_phantom_GT   ---        0.818      0.013   0.974      0.056   0.549      0.019   0.474      0.018   0.981      0.084   0.723      0.065   0.654      0.066   
phantom                        BP_phantom_128 BP_phantom_GT   ---        0.313      0.077   0.192      0.061   0.635      0.052   0.509      0.015   0.523      0.057   0.554      0.080   0.335      0.020   
phantom                        BP_phantom_GT BP_phantom_GT   ---        0.949      0.086   0.726      0.043   0.802      0.026   0.552      0.066   0.736      0.037   0.405      0.065   0.705      0.066   
v_phantom                      v_phantom_8 v_phantom_gt    ---        0.394      0.041   0.529      0.072   0.148      0.046   0.484      0.078   0.902      0.052   0.431      0.081   0.187      0.060   
v_phantom                      v_phantom_16 v_phantom_gt    ---        0.304      0.043   0.487      0.026   0.941      0.082   0.482      0.095   0.452      0.092   0.414      0.062   0.390      0.073   
v_phantom                      v_phantom_32 v_phantom_gt    ---        0.652      0.039   0.404      0.011   0.500      0.086   0.568      0.094   0.248      0.079   0.633      0.042   0.861      0.085   
v_phantom                      v_phantom_64 v_phantom_gt    ---        0.287      0.065   0.130      0.053   0.671      0.061   0.926      0.096   0.201      0.069   0.466      0.087   0.523      0.030   
v_phantom                      v_phantom_128 v_phantom_gt    ---        0.121      0.013   0.943      0.037   0.506      0.040   0.405      0.030   0.622      0.086   0.238      0.035   0.676      0.033   
v_phantom                      v_phantom_gt v_phantom_gt    ---        0.357      0.089   0.459      0.090   0.477      0.030   0.451      0.046   0.644      0.015   0.827      0.076   0.723      0.058   
denoising_data/nne/train       10db       ground_truth    ---        0.700      0.036   0.382      0.017   0.302      0.055   0.404      0.086   0.142      0.058   0.590      0.016   0.293      0.038   
denoising_data/nne/train       20db       ground_truth    ---        0.289      0.063   0.787      0.049   0.703      0.093   0.930      0.048   0.412      0.072   0.727      0.075   0.679      0.069   
denoising_data/nne/train       30db       ground_truth    ---        0.131      0.021   0.882      0.016   0.117      0.036   0.366      0.090   0.219      0.032   0.454      0.081   0.463      0.027   
denoising_data/nne/train       40db       ground_truth    ---        0.192      0.046   0.712      0.038   0.207      0.039   0.729      0.013   0.887      0.035   0.882      0.093   0.817      0.034   
denoising_data/nne/train       50db       ground_truth    ---        0.296      0.031   0.208      0.069   0.835      0.045   0.768      0.046   0.808      0.075   0.941      0.030   0.234      0.089   
pa_experiment_data/Training/KneeSlice1 PA2        PA1             ---        0.917      0.047   0.772      0.025   0.790      0.081   0.894      0.011   0.144      0.094   0.335      0.055   0.876      0.071   
pa_experiment_data/Training/KneeSlice1 PA3        PA1             ---        0.109      0.100   0.639      0.091   0.310      0.081   0.538      0.033   0.315      0.066   0.637      0.017   0.715      0.048   
pa_experiment_data/Training/KneeSlice1 PA4        PA1             ---        0.861      0.029   0.899      0.099   0.363      0.089   0.501      0.044   0.532      0.073   0.730      0.081   0.237      0.071   
pa_experiment_data/Training/KneeSlice1 PA5        PA1             ---        0.568      0.048   0.339      0.051   0.683      0.028   0.621      0.057   0.874      0.043   0.156      0.098   0.214      0.053   
pa_experiment_data/Training/KneeSlice1 PA6        PA1             ---        0.875      0.031   0.442      0.044   0.526      0.027   0.431      0.092   0.321      0.085   0.992      0.078   0.207      0.092   
pa_experiment_data/Training/KneeSlice1 PA7        PA1             ---        0.570      0.053   0.236      0.047   0.354      0.020   0.938      0.073   0.458      0.063   0.386      0.084   0.305      0.060   
pa_experiment_data/Training/Phantoms PA2        PA1             ---        0.914      0.051   0.520      0.011   0.342      0.049   0.870      0.037   0.175      0.034   0.262      0.033   0.591      0.080   
pa_experiment_data/Training/Phantoms PA3        PA1             ---        0.246      0.047   0.580      0.021   0.366      0.016   0.257      0.025   0.391      0.023   0.415      0.070   0.820      0.093   
pa_experiment_data/Training/Phantoms PA4        PA1             ---        0.891      0.049   0.702      0.025   0.204      0.024   0.646      0.022   0.802      0.027   0.403      0.099   0.554      0.093   
pa_experiment_data/Training/Phantoms PA5        PA1             ---        0.862      0.064   0.413      0.096   0.675      0.078   0.511      0.052   0.884      0.042   0.233      0.062   0.392      0.089   
pa_experiment_data/Training/Phantoms PA6        PA1             ---        0.738      0.079   0.346      0.052   0.460      0.045   0.383      0.080   0.307      0.019   0.201      0.040   0.984      0.025   
pa_experiment_data/Training/Phantoms PA7        PA1             ---        0.965      0.053   0.752      0.045   0.793      0.095   0.327      0.012   0.381      0.019   0.648      0.020   0.122      0.061   
pa_experiment_data/Training/SmallAnimal PA2        PA1             ---        0.287      0.034   0.867      0.083   0.111      0.045   0.506      0.037   0.911      0.064   0.753      0.051   0.896      0.081   
pa_experiment_data/Training/SmallAnimal PA3        PA1             ---        0.115      0.063   0.941      0.050   0.135      0.042   0.733      0.038   0.914      0.048   0.480      0.050   0.413      0.065   
pa_experiment_data/Training/SmallAnimal PA4        PA1             ---        0.135      0.060   0.684      0.019   0.448      0.065   0.684      0.078   0.215      0.039   0.535      0.085   0.297      0.060   
pa_experiment_data/Training/SmallAnimal PA5        PA1             ---        0.828      0.075   0.747      0.011   0.500      0.049   0.657      0.084   0.628      0.076   0.507      0.025   0.792      0.093   
pa_experiment_data/Training/SmallAnimal PA6        PA1             ---        0.740      0.079   0.696      0.022   0.654      0.076   0.111      0.025   0.434      0.030   0.202      0.043   0.724      0.079   
pa_experiment_data/Training/SmallAnimal PA7        PA1             ---        0.153      0.055   0.113      0.041   0.221      0.089   0.834      0.017   0.543      0.017   0.291      0.080   0.846      0.019   
pa_experiment_data/Training/Transducers PA2        PA1             ---        0.757      0.011   0.190      0.073   0.997      0.019   0.318      0.084   0.395      0.026   0.519      0.014   0.608      0.051   
pa_experiment_data/Training/Transducers PA3        PA1             ---        0.790      0.058   0.432      0.064   0.385      0.100   0.667      0.076   0.136      0.012   0.914      0.047   0.528      0.019   
pa_experiment_data/Training/Transducers PA4        PA1             ---        0.691      0.047   0.396      0.092   0.773      0.052   0.490      0.036   0.750      0.058   0.716      0.078   0.444      0.061   
pa_experiment_data/Training/Transducers PA5        PA1             ---        0.331      0.059   0.477      0.073   0.968      0.056   0.383      0.065   0.526      0.053   0.339      0.032   0.221      0.050   
pa_experiment_data/Training/Transducers PA6        PA1             ---        0.505      0.036   0.721      0.081   0.304      0.043   0.928      0.017   0.888      0.050   0.733      0.034   0.542      0.044   
pa_experiment_data/Training/Transducers PA7        PA1             ---        0.355      0.093   0.818      0.089   0.424      0.032   0.875      0.058   0.684      0.059   0.380      0.092   0.804      0.071   
