Dataset   Configuration   Ground Truth   Wavelength   FSIM_mean   FSIM_std   UQI_mean   UQI_std   PSNR_mean   PSNR_std   SSIM_mean   SSIM_std   VIF_mean   VIF_std   S3IM_mean   S3IM_std   BRISQUE_mean   BRISQUE_std
----------------------------------------------------------------------------------------------------------------------------------------------------------------------------------------------------------------------
SCD                            vc,lv128_BP vc_BP           ---        0.832      0.010   0.244      0.020   29.507     1.820   0.643      0.051   0.012      0.001   0.715      0.048   78.738     5.330   
SCD                            vc,ss128_BP vc_BP           ---        0.806      0.021   0.063      0.003   27.918     1.779   0.526      0.059   0.019      0.002   0.652      0.050   34.953     4.241   
SCD                            vc,ss64_BP vc_BP           ---        0.701      0.024   0.033      0.005   27.326     1.783   0.478      0.065   0.009      0.001   0.596      0.055   42.149     4.552   
SCD                            vc,ss32_BP vc_BP           ---        0.640      0.027   0.024      0.004   27.050     1.790   0.458      0.067   0.005      0.000   0.568      0.057   44.211     3.523   
SCD                            linear_BP  linear_BP       ---        1.000      0.000   1.000      0.000   inf        nan     1.000      0.000   1.000      0.000   1.000      0.000   59.447     5.498   
SCD                            ms,ss128_BP ms_BP           ---        0.973      0.005   0.483      0.015   34.393     1.714   0.861      0.022   0.047      0.003   0.901      0.020   42.047     4.287   
SCD                            ms,ss64_BP ms_BP           ---        0.852      0.013   0.158      0.007   30.880     1.713   0.687      0.048   0.024      0.002   0.766      0.043   52.377     5.102   
SCD                            ms,ss32_BP ms_BP           ---        0.742      0.021   0.053      0.002   29.574     1.719   0.597      0.060   0.011      0.001   0.684      0.052   61.611     6.394   
SWFD                           linear_BP  ms_BP           ---        0.858      0.013   0.237      0.020   36.661     2.077   0.810      0.046   0.022      0.002   0.863      0.045   95.029     8.873   
SWFD                           ms,ss128_BP ms_BP           ---        0.957      0.005   0.420      0.013   38.220     2.075   0.887      0.024   0.040      0.002   0.916      0.034   44.165     4.152   
SWFD                           ms,ss64_BP ms_BP           ---        0.863      0.012   0.156      0.006   35.195     2.128   0.775      0.047   0.020      0.001   0.830      0.057   46.556     4.406   
SWFD                           ms,ss32_BP ms_BP           ---        0.771      0.019   0.059      0.003   34.008     2.145   0.712      0.060   0.010      0.001   0.776      0.068   42.484     4.869   
SWFD                           sc,lv128_BP sc_BP           ---        0.909      0.013   0.291      0.037   45.766     2.035   0.961      0.013   0.031      0.002   0.978      0.032   90.912     6.897   
SWFD                           sc,ss128_BP sc_BP           ---        0.951      0.006   0.365      0.013   43.402     2.090   0.956      0.012   0.035      0.002   0.968      0.029   75.869     5.704   
SWFD                           sc,ss64_BP sc_BP           ---        0.845      0.013   0.137      0.005   40.582     2.101   0.916      0.022   0.017      0.001   0.940      0.048   79.288     5.367   
SWFD                           sc,ss32_BP sc_BP           ---        0.766      0.019   0.055      0.002   39.475     2.115   0.893      0.027   0.009      0.001   0.922      0.058   70.195     6.365   
MSFD                           ms,ss32_BP_w700 ms_BP_w700      700        0.814      0.021   0.050      0.003   34.816     3.014   0.798      0.066   0.010      0.001   0.833      0.052   68.650     10.390  
MSFD                           ms,ss32_BP_w730 ms_BP_w730      730        0.800      0.022   0.052      0.003   34.949     2.523   0.787      0.061   0.009      0.001   0.825      0.080   61.697     9.764   
MSFD                           ms,ss32_BP_w760 ms_BP_w760      760        0.793      0.023   0.053      0.003   33.905     2.489   0.752      0.066   0.009      0.001   0.795      0.086   60.229     10.130  
MSFD                           ms,ss32_BP_w780 ms_BP_w780      780        0.789      0.025   0.053      0.002   34.068     2.351   0.753      0.064   0.009      0.001   0.797      0.086   58.415     10.118  
MSFD                           ms,ss32_BP_w800 ms_BP_w800      800        0.791      0.027   0.054      0.003   35.645     2.080   0.788      0.051   0.009      0.001   0.829      0.084   51.688     7.760   
MSFD                           ms,ss32_BP_w850 ms_BP_w850      850        0.804      0.022   0.048      0.003   36.034     3.003   0.833      0.058   0.009      0.001   0.863      0.054   75.103     12.008  
MSFD                           ms,ss64_BP_w700 ms_BP_w700      700        0.875      0.014   0.135      0.006   35.944     3.002   0.838      0.057   0.020      0.001   0.867      0.046   74.286     10.222  
MSFD                           ms,ss64_BP_w730 ms_BP_w730      730        0.870      0.014   0.137      0.006   36.095     2.516   0.830      0.052   0.020      0.001   0.863      0.070   67.151     9.765   
MSFD                           ms,ss64_BP_w760 ms_BP_w760      760        0.869      0.015   0.139      0.006   35.040     2.486   0.801      0.056   0.019      0.001   0.838      0.076   64.032     9.793   
MSFD                           ms,ss64_BP_w780 ms_BP_w780      780        0.867      0.015   0.139      0.005   35.200     2.355   0.802      0.054   0.019      0.001   0.840      0.076   62.971     9.367   
MSFD                           ms,ss64_BP_w800 ms_BP_w800      800        0.869      0.017   0.139      0.006   36.775     2.073   0.832      0.041   0.018      0.001   0.867      0.071   56.142     7.533   
MSFD                           ms,ss64_BP_w850 ms_BP_w850      850        0.869      0.014   0.132      0.006   37.153     2.989   0.865      0.050   0.020      0.001   0.891      0.045   78.784     11.615  
MSFD                           ms,ss128_BP_w700 ms_BP_w700      700        0.958      0.006   0.382      0.011   39.001     2.962   0.917      0.031   0.041      0.002   0.931      0.030   71.157     10.421  
MSFD                           ms,ss128_BP_w730 ms_BP_w730      730        0.958      0.005   0.384      0.011   39.154     2.495   0.914      0.028   0.041      0.002   0.930      0.043   65.488     9.446   
MSFD                           ms,ss128_BP_w760 ms_BP_w760      760        0.957      0.005   0.384      0.011   38.053     2.472   0.898      0.031   0.040      0.002   0.916      0.047   62.050     8.819   
MSFD                           ms,ss128_BP_w780 ms_BP_w780      780        0.958      0.005   0.387      0.010   38.224     2.347   0.899      0.030   0.040      0.002   0.918      0.047   60.224     8.344   
MSFD                           ms,ss128_BP_w800 ms_BP_w800      800        0.959      0.004   0.382      0.011   39.756     2.054   0.914      0.022   0.038      0.002   0.933      0.042   55.912     7.015   
MSFD                           ms,ss128_BP_w850 ms_BP_w850      850        0.955      0.006   0.378      0.011   40.235     2.933   0.932      0.027   0.041      0.002   0.944      0.029   73.190     10.803  
mice                           sparse4_recon_all full_recon_all  ---        0.641      0.027   0.010      0.003   37.093     3.135   0.710      0.074   0.004      0.000   0.767      0.093   48.675     4.666   
mice                           sparse8_recon_all full_recon_all  ---        0.650      0.021   0.015      0.003   37.147     3.133   0.713      0.073   0.004      0.000   0.770      0.093   59.187     5.467   
mice                           sparse16_recon_all full_recon_all  ---        0.658      0.018   0.025      0.005   37.269     3.129   0.720      0.072   0.006      0.001   0.778      0.092   57.535     4.282   
mice                           sparse32_recon_all full_recon_all  ---        0.675      0.017   0.043      0.007   37.522     3.121   0.734      0.068   0.009      0.001   0.793      0.091   55.934     3.566   
mice                           sparse64_recon_all full_recon_all  ---        0.705      0.016   0.082      0.005   38.064     3.103   0.765      0.060   0.016      0.001   0.821      0.088   56.297     3.336   
mice                           sparse128_recon_all full_recon_all  ---        0.763      0.018   0.183      0.008   39.271     3.066   0.823      0.045   0.029      0.002   0.868      0.078   56.459     3.151   
mice                           sparse256_recon_all full_recon_all  ---        0.877      0.017   0.462      0.024   42.436     2.972   0.920      0.020   0.061      0.004   0.939      0.049   54.093     3.469   
mice                           full_recon_all full_recon_all  ---        1.000      0.000   1.000      0.000   inf        nan     1.000      0.000   1.000      0.000   1.000      0.000   40.142     4.720   
phantom                        BP_phantom_8 BP_phantom_GT   ---        0.655      0.035   0.009      0.001   19.969     1.956   0.064      0.062   0.003      0.000   0.056      0.005   76.652     4.169   
phantom                        BP_phantom_16 BP_phantom_GT   ---        0.651      0.037   0.016      0.002   23.024     1.952   0.123      0.067   0.004      0.000   0.119      0.010   73.379     4.081   
phantom                        BP_phantom_32 BP_phantom_GT   ---        0.706      0.033   0.030      0.004   26.526     1.973   0.255      0.071   0.005      0.000   0.259      0.022   72.226     4.127   
phantom                        BP_phantom_64 BP_phantom_GT   ---        0.767      0.030   0.057      0.006   29.926     1.984   0.462      0.071   0.009      0.001   0.460      0.041   71.802     3.951   
phantom                        BP_phantom_128 BP_phantom_GT   ---        0.839      0.025   0.116      0.011   33.816     2.005   0.707      0.056   0.017      0.001   0.698      0.057   73.253     3.851   
phantom                        BP_phantom_GT BP_phantom_GT   ---        1.000      0.000   1.000      0.000   inf        nan     1.000      0.000   1.000      0.000   1.000      0.000   81.321     2.082   
v_phantom                      v_phantom_8 v_phantom_gt    ---        0.339      0.018   0.079      0.013   19.326     2.666   0.064      0.030   0.012      0.001   0.094      0.005   72.931     3.050   
v_phantom                      v_phantom_16 v_phantom_gt    ---        0.377      0.021   0.118      0.017   22.628     2.640   0.136      0.049   0.017      0.001   0.171      0.008   75.234     3.246   
v_phantom                      v_phantom_32 v_phantom_gt    ---        0.432      0.024   0.184      0.022   26.397     2.640   0.274      0.072   0.027      0.002   0.311      0.013   75.678     3.215   
v_phantom                      v_phantom_64 v_phantom_gt    ---        0.511      0.023   0.293      0.028   30.829     2.608   0.505      0.090   0.049      0.003   0.534      0.027   76.071     3.359   
v_phantom                      v_phantom_128 v_phantom_gt    ---        0.648      0.014   0.468      0.029   36.898     2.526   0.782      0.072   0.104      0.006   0.792      0.043   77.634     3.498   
v_phantom                      v_phantom_gt v_phantom_gt    ---        1.000      0.000   1.000      0.000   inf        nan     1.000      0.000   1.000      0.000   1.000      0.000   55.964     9.370   
