Dataset   Configuration   Ground Truth   Wavelength   PSNR_mean   PSNR_std   SSIM_mean   SSIM_std   MSSSIM_mean   MSSSIM_std   IWSSIM_mean   IWSSIM_std   VIF_mean   VIF_std   FSIM_mean   FSIM_std   GMSD_mean   GMSD_std   MSGMSD_mean   MSGMSD_std   HAARPSI_mean   HAARPSI_std   UQI_mean   UQI_std   S3IM_mean   S3IM_std   TV_mean   TV_std   BRISQUE_mean   BRISQUE_std   CLIP-IQA_mean   CLIP-IQA_std
-------------------------------------------------------------------------------------------------------------------------------------------------------------------------------------------------------------------------------------------------------------------------------------------------------------------------------------------------------------------------------------------------------------
MSFD                           ms,ss32_BP_w700 ms_BP_w700      700        24.0299    2.6543  0.5267     0.055   0.7816     0.0351  0.714      0.0365  0.1407     0.0199  0.8612     0.0287  0.1832     0.0187  0.1706     0.0167  0.5362     0.0459  0.9731     0.0245  0.5142     0.0542  19.812     3.0457  18.6771    9.6776  0.7044     0.0992  
MSFD                           ms,ss32_BP_w730 ms_BP_w730      730        25.3524    2.6387  0.5316     0.0582  0.7858     0.0372  0.7211     0.0409  0.1482     0.0234  0.86       0.0282  0.1763     0.0242  0.1646     0.0217  0.5383     0.0511  0.9821     0.0183  0.5183     0.0567  18.2433    3.992   15.7507    8.6959  0.7371     0.0923  
MSFD                           ms,ss32_BP_w760 ms_BP_w760      760        25.2024    2.6667  0.5184     0.0575  0.7785     0.0381  0.7131     0.0405  0.1411     0.0215  0.8626     0.0284  0.1747     0.0223  0.1638     0.0205  0.5349     0.0498  0.9813     0.0235  0.5053     0.0557  18.4188    3.9594  12.0971    8.9972  0.7554     0.0958  
MSFD                           ms,ss32_BP_w780 ms_BP_w780      780        25.576     2.9083  0.5234     0.0619  0.7811     0.0401  0.7145     0.042   0.1453     0.0232  0.8651     0.0285  0.1721     0.0237  0.1617     0.0218  0.534      0.0537  0.9819     0.0234  0.5097     0.0603  17.7599    4.1502  11.1569    8.9697  0.758      0.1007  
MSFD                           ms,ss32_BP_w800 ms_BP_w800      800        26.8191    2.2052  0.5285     0.0711  0.7866     0.0452  0.7196     0.0464  0.1434     0.0219  0.8649     0.0299  0.1614     0.0231  0.1526     0.0215  0.5388     0.0593  0.9888     0.0107  0.5144     0.0692  16.0928    3.7478  5.2768     7.4561  0.7481     0.1103  
MSFD                           ms,ss32_BP_w850 ms_BP_w850      850        23.8876    3.2759  0.5434     0.0592  0.7906     0.0355  0.7213     0.0366  0.1445     0.0219  0.8614     0.0283  0.1841     0.0186  0.1708     0.0164  0.5448     0.0447  0.9663     0.0396  0.5312     0.0586  19.5784    2.9073  21.8391    8.7161  0.6595     0.0933  
MSFD                           ms,ss64_BP_w700 ms_BP_w700      700        28.7769    2.2242  0.672      0.0486  0.881      0.0252  0.8566     0.0309  0.2539     0.0317  0.9102     0.0168  0.1143     0.0251  0.1115     0.022   0.716      0.0547  0.9923     0.0065  0.6645     0.048   15.9077    3.4464  30.2104    11.3437 0.7028     0.105   
MSFD                           ms,ss64_BP_w730 ms_BP_w730      730        30.0007    2.3137  0.696      0.0643  0.8932     0.0306  0.8724     0.0349  0.2658     0.0382  0.9094     0.0165  0.102      0.027   0.1        0.0244  0.7409     0.0625  0.9948     0.0037  0.6881     0.0639  13.8975    3.8782  26.9522    10.2543 0.6906     0.1176  
MSFD                           ms,ss64_BP_w760 ms_BP_w760      760        29.803     2.5446  0.686      0.0643  0.8894     0.0311  0.8692     0.0345  0.2535     0.0346  0.9128     0.0159  0.1011     0.026   0.0992     0.0236  0.7346     0.0627  0.9944     0.0056  0.6782     0.0636  14.1215    3.8895  22.9483    11.1331 0.7017     0.1277  
MSFD                           ms,ss64_BP_w780 ms_BP_w780      780        30.217     2.7194  0.6991     0.0649  0.8954     0.0308  0.8754     0.0344  0.2602     0.0378  0.9147     0.0161  0.0962     0.0258  0.0946     0.0234  0.7449     0.0613  0.9944     0.0071  0.6911     0.0643  13.2703    3.7569  22.15      11.2304 0.6778     0.134   
MSFD                           ms,ss64_BP_w800 ms_BP_w800      800        31.0701    2.2684  0.7177     0.0617  0.9056     0.0273  0.8869     0.0302  0.2562     0.0356  0.9155     0.0156  0.0845     0.0198  0.0836     0.018   0.7574     0.0562  0.9958     0.0035  0.7095     0.0612  11.5934    2.7809  15.5311    9.736   0.64       0.1277  
MSFD                           ms,ss64_BP_w850 ms_BP_w850      850        28.6217    2.6423  0.6795     0.0496  0.8831     0.0253  0.8561     0.0309  0.2608     0.0355  0.9081     0.0177  0.1167     0.0246  0.1137     0.0214  0.7194     0.0558  0.99       0.0108  0.6723     0.0491  15.8726    3.3189  32.5988    10.5244 0.6845     0.0878  
MSFD                           ms,ss128_BP_w700 ms_BP_w700      700        34.6048    2.3651  0.8609     0.0324  0.9627     0.0113  0.9602     0.0128  0.4559     0.0476  0.9672     0.0056  0.0389     0.0137  0.0433     0.0126  0.9056     0.0299  0.9978     0.0022  0.8575     0.0323  11.7943    2.7322  37.7503    15.6918 0.5342     0.1193  
MSFD                           ms,ss128_BP_w730 ms_BP_w730      730        35.6999    2.6063  0.8781     0.0381  0.9685     0.0121  0.9673     0.0126  0.4792     0.0585  0.9679     0.0057  0.0319     0.0136  0.0363     0.0131  0.9185     0.0309  0.9984     0.0016  0.8749     0.0385  10.1704    2.993   33.7818    14.0251 0.5131     0.1438  
MSFD                           ms,ss128_BP_w760 ms_BP_w760      760        35.4528    2.6633  0.8728     0.038   0.9668     0.0123  0.9657     0.0127  0.4599     0.0544  0.9696     0.0053  0.0316     0.0132  0.0362     0.0126  0.9106     0.0329  0.9984     0.0017  0.8698     0.0381  10.3392    2.939   30.0025    14.5136 0.527      0.1526  
MSFD                           ms,ss128_BP_w780 ms_BP_w780      780        36.055     2.4766  0.8816     0.0373  0.9695     0.0118  0.9684     0.0121  0.4707     0.0587  0.9703     0.0053  0.0287     0.0123  0.0332     0.012   0.9173     0.0307  0.9987     0.0013  0.8786     0.0376  9.661      2.7695  29.1857    13.5959 0.5031     0.1394  
MSFD                           ms,ss128_BP_w800 ms_BP_w800      800        36.7935    2.5145  0.8934     0.032   0.9733     0.0096  0.9724     0.0095  0.4707     0.0558  0.9711     0.0053  0.0231     0.0083  0.0277     0.0085  0.9205     0.0281  0.9988     0.0011  0.8906     0.0321  8.3523     1.9454  21.4932    10.1307 0.4687     0.122   
MSFD                           ms,ss128_BP_w850 ms_BP_w850      850        34.5233    2.5447  0.863      0.0335  0.963      0.0116  0.9597     0.0132  0.4667     0.0515  0.9655     0.0067  0.0406     0.0137  0.0449     0.0127  0.9095     0.0314  0.9975     0.0023  0.8597     0.0334  11.8403    2.6704  39.5121    14.5737 0.5292     0.1093  
