# mean normalization + bandpass filtering
Dataset   Configuration   Ground Truth   Wavelength   FSIM_mean   FSIM_std   NQM_mean   NQM_std   PSNR_mean   PSNR_std   SSIM_mean   SSIM_std   VIF_mean   VIF_std   S3IM_mean   S3IM_std
-----------------------------------------------------------------------------------------------------------------------------------------------------------------------------------------
MSFD      ms,ss32_BP_w700      ms_BP_w700      700        0.814      0.021   0.050      0.003   34.816     3.014   0.798      0.066   0.010      0.001   0.833      0.052   
MSFD      ms,ss32_BP_w730      ms_BP_w730      730        0.800      0.022   0.052      0.003   34.949     2.523   0.787      0.061   0.009      0.001   0.825      0.080   
MSFD      ms,ss32_BP_w760      ms_BP_w760      760        0.794      0.023   0.053      0.003   33.905     2.489   0.752      0.066   0.009      0.001   0.795      0.086   
MSFD      ms,ss32_BP_w780      ms_BP_w780      780        0.790      0.025   0.053      0.002   34.068     2.351   0.753      0.064   0.009      0.001   0.797      0.086   
MSFD      ms,ss32_BP_w800      ms_BP_w800      800        0.791      0.027   0.054      0.003   35.645     2.080   0.788      0.051   0.009      0.001   0.829      0.084   
MSFD      ms,ss32_BP_w850      ms_BP_w850      850        0.804      0.022   0.048      0.003   36.034     3.003   0.833      0.058   0.009      0.001   0.863      0.054   
MSFD      ms,ss64_BP_w700      ms_BP_w700      700        0.875      0.014   0.135      0.006   35.944     3.002   0.838      0.057   0.020      0.001   0.867      0.046   
MSFD      ms,ss64_BP_w730      ms_BP_w730      730        0.870      0.015   0.137      0.006   36.095     2.516   0.830      0.052   0.020      0.001   0.863      0.070   
MSFD      ms,ss64_BP_w760      ms_BP_w760      760        0.868      0.015   0.139      0.006   35.040     2.486   0.801      0.056   0.019      0.001   0.838      0.076   
MSFD      ms,ss64_BP_w780      ms_BP_w780      780        0.867      0.015   0.139      0.005   35.200     2.355   0.802      0.054   0.019      0.001   0.840      0.076   
MSFD      ms,ss64_BP_w800      ms_BP_w800      800        0.869      0.017   0.139      0.006   36.775     2.073   0.832      0.041   0.018      0.001   0.867      0.071   
MSFD      ms,ss64_BP_w850      ms_BP_w850      850        0.869      0.014   0.132      0.006   37.153     2.989   0.865      0.050   0.020      0.001   0.891      0.045   
MSFD      ms,ss128_BP_w700     ms_BP_w700      700        0.957      0.006   0.382      0.011   39.001     2.962   0.917      0.031   0.041      0.002   0.931      0.030   
MSFD      ms,ss128_BP_w730     ms_BP_w730      730        0.956      0.005   0.384      0.011   39.154     2.495   0.914      0.028   0.041      0.002   0.930      0.043   
MSFD      ms,ss128_BP_w760     ms_BP_w760      760        0.956      0.005   0.384      0.011   38.053     2.472   0.898      0.031   0.040      0.002   0.916      0.047   
MSFD      ms,ss128_BP_w780     ms_BP_w780      780        0.956      0.005   0.387      0.010   38.224     2.347   0.899      0.030   0.040      0.002   0.918      0.047   
MSFD      ms,ss128_BP_w800     ms_BP_w800      800        0.958      0.005   0.382      0.011   39.756     2.054   0.914      0.022   0.038      0.002   0.933      0.042   
MSFD      ms,ss128_BP_w850     ms_BP_w850      850        0.954      0.006   0.378      0.011   40.235     2.933   0.932      0.027   0.041      0.002   0.944      0.029   