Dataset   Configuration   Ground Truth   Wavelength   FSIM_mean   FSIM_std   UQI_mean   UQI_std   PSNR_mean   PSNR_std   SSIM_mean   SSIM_std   VIF_mean   VIF_std   S3IM_mean   S3IM_std   BRISQUE_mean   BRISQUE_std
----------------------------------------------------------------------------------------------------------------------------------------------------------------------------------------------------------------------
MSFD                           ms,ss32_BP_w700 ms_BP_w700      700        0.848      0.029   0.105      0.014   23.949     1.291   0.315      0.065   0.862      0.201   0.314      0.065   34.128     9.464   
MSFD                           ms,ss32_BP_w730 ms_BP_w730      730        0.847      0.029   0.099      0.014   24.573     1.792   0.305      0.057   0.938      0.205   0.304      0.057   32.013     10.979  
MSFD                           ms,ss32_BP_w760 ms_BP_w760      760        0.849      0.029   0.100      0.014   24.321     1.703   0.287      0.054   0.917      0.193   0.285      0.054   31.100     10.687  
MSFD                           ms,ss32_BP_w780 ms_BP_w780      780        0.852      0.029   0.098      0.013   24.612     1.851   0.287      0.056   0.954      0.172   0.286      0.056   29.798     10.913  
MSFD                           ms,ss32_BP_w800 ms_BP_w800      800        0.852      0.031   0.090      0.012   25.351     1.876   0.286      0.062   1.023      0.123   0.285      0.062   25.557     9.454   
MSFD                           ms,ss32_BP_w850 ms_BP_w850      850        0.849      0.029   0.104      0.014   24.184     1.343   0.341      0.072   0.842      0.184   0.341      0.072   33.965     8.847   
MSFD                           ms,ss64_BP_w700 ms_BP_w700      700        0.904      0.017   0.216      0.022   27.481     1.653   0.513      0.054   0.960      0.096   0.511      0.055   36.951     12.275  
MSFD                           ms,ss64_BP_w730 ms_BP_w730      730        0.903      0.017   0.213      0.021   28.435     2.244   0.527      0.070   0.987      0.090   0.525      0.070   33.261     12.956  
MSFD                           ms,ss64_BP_w760 ms_BP_w760      760        0.906      0.016   0.215      0.021   28.086     2.162   0.508      0.068   0.981      0.090   0.506      0.068   32.136     12.747  
MSFD                           ms,ss64_BP_w780 ms_BP_w780      780        0.908      0.016   0.215      0.020   28.559     2.226   0.519      0.070   0.992      0.082   0.517      0.071   30.553     12.604  
MSFD                           ms,ss64_BP_w800 ms_BP_w800      800        0.909      0.016   0.208      0.020   29.560     1.976   0.537      0.070   1.013      0.070   0.535      0.070   24.289     9.509   
MSFD                           ms,ss64_BP_w850 ms_BP_w850      850        0.902      0.018   0.213      0.022   27.619     1.659   0.529      0.057   0.957      0.106   0.528      0.057   37.424     11.671  
MSFD                           ms,ss128_BP_w700 ms_BP_w700      700        0.965      0.006   0.436      0.031   33.393     1.821   0.786      0.038   0.983      0.059   0.784      0.038   31.701     13.181  
MSFD                           ms,ss128_BP_w730 ms_BP_w730      730        0.966      0.006   0.439      0.029   34.394     2.341   0.801      0.048   0.991      0.049   0.799      0.048   29.326     12.242  
MSFD                           ms,ss128_BP_w760 ms_BP_w760      760        0.968      0.005   0.443      0.027   33.929     2.250   0.788      0.047   0.991      0.054   0.786      0.048   27.525     11.808  
MSFD                           ms,ss128_BP_w780 ms_BP_w780      780        0.968      0.005   0.446      0.026   34.444     2.302   0.798      0.049   0.992      0.047   0.797      0.049   26.644     11.396  
MSFD                           ms,ss128_BP_w800 ms_BP_w800      800        0.969      0.005   0.442      0.024   35.341     2.031   0.813      0.045   0.998      0.046   0.811      0.045   22.022     7.677   
MSFD                           ms,ss128_BP_w850 ms_BP_w850      850        0.964      0.007   0.430      0.031   33.573     1.892   0.794      0.040   0.981      0.068   0.793      0.040   31.988     12.488  
